id	rt	m/z	int
Cluster_0012	9.31751498	424.7625772	100
Cluster_0013	9.991852843	425.7703167	100
Cluster_0014	10.30321541	425.7702551	100
Cluster_0015	10.96322721	426.7779614	100
Cluster_0018	12.75033497	786.1213824	100
Cluster_0021	1.099948579	104.1074938	100
Cluster_0022	1.108106949	118.0868603	100
Cluster_0024	1.11457314	140.0685584	100
Cluster_0027	1.119591018	162.1103869	100
Cluster_0028	1.132239032	176.0685122	100
Cluster_0031	1.296783054	188.1039806	100
Cluster_0033	1.129039621	198.0878929	100
Cluster_0035	1.1169019	204.1205314	100
Cluster_0037	1.448573045	205.1433865	100
Cluster_0038	1.317239036	211.1318902	100
Cluster_0039	1.969793674	221.1186716	100
Cluster_0040	1.268814583	229.1381765	100
Cluster_0041	1.132042875	232.1541749	100
Cluster_0042	1.176835139	241.1430934	100
Cluster_0043	2.136912783	244.2268294	100
Cluster_0047	16.20892987	245.1176083	100
Cluster_0052	1.16204438	246.1699478	100
Cluster_0053	1.345667486	253.1568931	100
Cluster_0054	1.38829685	255.1692651	100
Cluster_0055	2.080771547	256.2268818	100
Cluster_0056	1.199259954	258.1108417	100
Cluster_0057	2.448856271	258.2425117	100
Cluster_0058	2.134283989	266.2086946	100
Cluster_0059	1.397930677	267.1413811	100
Cluster_0060	1.235282797	269.1433575	100
Cluster_0061	2.364031996	270.2436202	100
Cluster_0062	3.09811289	272.2582988	100
Cluster_0063	1.24023001	274.1684994	100
Cluster_0064	1.955175649	277.1797985	100
Cluster_0069	1.839547944	280.2568945	100
Cluster_0070	1.281802459	281.1244547	100
Cluster_0071	2.389436946	281.2460727	100
Cluster_0075	14.60395797	283.2624447	100
Cluster_0076	2.897895533	284.2587863	100
Cluster_0077	1.264945809	285.1402785	100
Cluster_0078	14.02620775	285.2244795	100
Cluster_0079	3.609960007	286.2734332	100
Cluster_0080	1.260870946	288.193832	100
Cluster_0081	1.652911635	288.2889583	100
Cluster_0082	2.228905325	288.2889876	100
Cluster_0083	1.410460176	290.1936059	100
Cluster_0084	2.369050112	292.2242553	100
Cluster_0085	1.293674333	293.1500663	100
Cluster_0086	1.993749453	294.2065031	100
Cluster_0087	3.095686191	294.2398769	100
Cluster_0088	1.729646023	295.2237085	100
Cluster_0089	2.639654643	296.2581001	100
Cluster_0090	1.294494741	297.1527332	100
Cluster_0091	1.8395432	297.2407799	100
Cluster_0092	9.520334071	297.2779816	100
Cluster_0093	5.657262343	298.2735401	100
Cluster_0094	3.379667848	298.2739579	100
Cluster_0096	11.32699828	299.2937664	100
Cluster_0100	1.241783171	302.1808099	100
Cluster_0101	4.228762487	303.2312512	100
Cluster_0102	5.665560064	303.2294021	100
Cluster_0104	2.897175768	306.2400346	100
Cluster_0105	1.279351525	309.1436977	100
Cluster_0106	1.929277606	309.2114144	100
Cluster_0107	2.22463828	310.2689294	100
Cluster_0108	7.08088772	310.3099516	100
Cluster_0109	14.8384866	311.2572504	100
Cluster_0110	3.455927415	311.2940548	100
Cluster_0111	4.262944902	312.2890568	100
Cluster_0112	14.03166628	313.272899	100
Cluster_0113	1.276347019	313.1634406	100
Cluster_0114	1.579909195	313.233355	100
Cluster_0115	1.260370029	316.1956199	100
Cluster_0116	6.143295192	317.2467522	100
Cluster_0117	1.309766098	318.1855181	100
Cluster_0118	9.520198874	319.2600049	100
Cluster_0119	3.376706793	320.2552639	100
Cluster_0120	4.235675683	320.2587132	100
Cluster_0121	2.416616509	321.2474607	100
Cluster_0122	9.004054147	321.3145799	100
Cluster_0123	4.992702009	322.273702	100
Cluster_0124	5.339660832	322.2733385	100
Cluster_0125	1.260800199	323.1437871	100
Cluster_0126	2.150795969	323.2244801	100
Cluster_0127	6.207828377	324.2890089	100
Cluster_0128	3.729643743	324.2901487	100
Cluster_0130	15.50995523	325.2728929	100
Cluster_0131	5.661592541	325.2108617	100
Cluster_0132	1.331854537	325.1692578	100
Cluster_0133	4.24723193	325.213984	100
Cluster_0134	5.003892743	327.2289856	100
Cluster_0135	5.352508925	327.2292369	100
Cluster_0137	6.227347312	329.2446663	100
Cluster_0138	1.30375041	329.1721019	100
Cluster_0141	1.283613903	332.2022567	100
Cluster_0142	1.281197297	334.1855463	100
Cluster_0143	6.143435332	334.2730709	100
Cluster_0144	10.62332711	335.3663251	100
Cluster_0146	13.15519883	337.2727166	100
Cluster_0147	13.96545609	337.2726401	100
Cluster_0148	15.01433923	337.2726764	100
Cluster_0149	2.379501504	337.2722333	100
Cluster_0150	15.90657789	337.3818734	100
Cluster_0151	9.009332754	338.3426792	100
Cluster_0152	14.05206502	339.288648	100
Cluster_0153	14.81553267	339.2883445	100
Cluster_0155	15.75591307	339.2887018	100
Cluster_0156	2.573385432	339.2884627	100
Cluster_0157	6.139461319	339.2284224	100
Cluster_0158	1.31575807	341.17633	100
Cluster_0159	3.622840392	341.3040601	100
Cluster_0160	4.233130421	341.1812365	100
Cluster_0161	15.0881028	341.3037659	100
Cluster_0162	1.364506468	346.2191324	100
Cluster_0163	2.828593128	346.2730171	100
Cluster_0164	4.245183841	347.1949843	100
Cluster_0166	16.59785214	351.3974109	100
Cluster_0167	5.245419331	353.3372008	100
Cluster_0168	1.263675496	355.1095401	100
Cluster_0169	2.00875915	355.2791054	100
Cluster_0170	4.198234885	355.2863054	100
Cluster_0171	1.576208998	356.277725	100
Cluster_0172	5.41799594	357.2988156	100
Cluster_0173	5.665673914	357.2989584	100
Cluster_0175	1.311468939	358.2428144	100
Cluster_0176	14.04894	359.2566751	100
Cluster_0177	11.99227155	359.2569815	100
Cluster_0178	1.239052406	360.1593615	100
Cluster_0179	9.009247437	360.323787	100
Cluster_0180	9.926599997	361.3817822	100
Cluster_0181	1.402586327	362.212874	100
Cluster_0182	1.077294013	365.0992289	100
Cluster_0184	16.92471558	365.4130764	100
Cluster_0185	10.77729679	366.3719289	100
Cluster_0186	8.799774175	367.317166	100
Cluster_0187	19.14384867	367.3346934	100
Cluster_0189	11.42184425	367.3354734	100
Cluster_0190	1.404206132	369.1964791	100
Cluster_0191	19.56823003	369.3501128	100
Cluster_0192	20.3634263	369.3498481	100
Cluster_0193	5.216251229	370.3666896	100
Cluster_0199	13.86654795	371.2394643	100
Cluster_0209	7.055473752	371.2572826	100
Cluster_0212	2.076737625	372.3096267	100
Cluster_0213	1.335151393	374.227794	100
Cluster_0214	9.016672962	376.2964967	100
Cluster_0215	1.294849594	376.2252092	100
Cluster_0216	2.048578824	377.2649223	100
Cluster_0217	3.14503245	377.2679217	100
Cluster_0218	4.230690315	377.265732	100
Cluster_0219	1.508124877	378.2121317	100
Cluster_0220	3.592746796	379.3079338	100
Cluster_0221	5.418366097	379.2807598	100
Cluster_0222	5.670867743	379.280985	100
Cluster_0223	9.927906633	379.3926963	100
Cluster_0224	1.083283891	381.0781796	100
Cluster_0225	3.944307365	381.3351902	100
Cluster_0226	15.44875706	381.4079151	100
Cluster_0227	5.428126981	383.3501051	100
Cluster_0228	9.173782305	383.3871676	100
Cluster_0229	1.993837124	384.3094288	100
Cluster_0230	1.363232495	385.2063026	100
Cluster_0231	11.42231542	385.3459907	100
Cluster_0232	2.376709634	386.3250879	100
Cluster_0234	1.428935143	387.1820403	100
Cluster_0235	7.853395345	391.2828568	100
Cluster_0236	1.273539405	392.2261592	100
Cluster_0237	7.295325663	395.3870533	100
Cluster_0238	10.62400455	395.3871185	100
Cluster_0239	1.283946891	397.1875548	100
Cluster_0240	3.010503268	397.3297538	100
Cluster_0241	9.929187002	397.403679	100
Cluster_0242	2.229896925	398.3252514	100
Cluster_0243	15.44905618	398.4343812	100
Cluster_0244	1.509910204	399.1762079	100
Cluster_0245	3.158905238	399.2498155	100
Cluster_0246	9.924175306	399.3926381	100
Cluster_0247	3.692528629	401.2650482	100
Cluster_0248	3.997401498	401.264991	100
Cluster_0249	1.411488406	402.253531	100
Cluster_0250	4.746357927	403.280551	100
Cluster_0251	1.424797705	404.2094531	100
Cluster_0253	14.59915053	407.386935	100
Cluster_0254	11.4264212	407.3365113	100
Cluster_0255	1.441263889	409.1861467	100
Cluster_0256	2.087485672	410.3250682	100
Cluster_0258	2.754209441	412.3408779	100
Cluster_0259	7.278105495	412.4136437	100
Cluster_0260	7.855407968	413.2648105	100
Cluster_0261	10.62656414	413.3989143	100
Cluster_0262	1.284320296	413.1812468	100
Cluster_0263	3.46961448	414.3563351	100
Cluster_0264	15.99445822	414.4292677	100
Cluster_0265	3.160435078	415.2229299	100
Cluster_0266	1.358611514	416.2545262	100
Cluster_0267	7.265357228	417.3687948	100
Cluster_0268	9.429089105	419.3139894	100
Cluster_0269	9.927648438	419.384922	100
Cluster_0270	3.010617609	419.3116594	100
Cluster_0271	10.0631059	421.3986873	100
Cluster_0272	5.239394627	421.3657696	100
Cluster_0273	5.751111793	423.3816634	100
Cluster_0274	1.81251307	423.2966275	100
Cluster_0275	14.59854341	424.4132203	100
Cluster_0276	2.447851881	424.3408012	100
Cluster_0277	1.428515705	425.1280824	100
Cluster_0278	1.414007709	425.1588238	100
Cluster_0279	7.464879503	425.39739	100
Cluster_0280	11.49816589	425.4339433	100
Cluster_0281	1.770389797	426.261352	100
Cluster_0282	3.154509259	426.3566095	100
Cluster_0283	16.53618793	426.4653586	100
Cluster_0284	4.410005904	428.3718849	100
Cluster_0285	14.60299203	429.3687161	100
Cluster_0288	1.424839293	431.2169036	100
Cluster_0289	1.352627362	434.2527753	100
Cluster_0290	9.928824729	435.3583016	100
Cluster_0291	10.63033218	435.3796115	100
Cluster_0292	1.76485211	435.2967518	100
Cluster_0293	9.291590815	437.4341363	100
Cluster_0294	1.712099036	438.2599403	100
Cluster_0295	1.278946151	439.2175655	100
Cluster_0296	3.780532469	439.3860758	100
Cluster_0297	4.568360256	439.3766572	100
Cluster_0299	4.029945149	440.3719303	100
Cluster_0300	5.742380721	440.4081716	100
Cluster_0301	9.466437748	441.2960506	100
Cluster_0302	11.9543254	441.4284353	100
Cluster_0303	12.13658446	441.4287244	100
Cluster_0304	16.92987865	442.4603096	100
Cluster_0306	1.344119935	446.261791	100
Cluster_0307	1.954667389	446.3253536	100
Cluster_0308	16.92287334	447.415569	100
Cluster_0309	1.35049507	448.2513159	100
Cluster_0310	2.044005666	449.3139357	100
Cluster_0311	1.552629558	450.2607244	100
Cluster_0312	2.727327232	450.3559256	100
Cluster_0313	10.62863154	451.3530113	100
Cluster_0314	1.821765348	452.2752278	100
Cluster_0315	3.448390816	452.3718088	100
Cluster_0316	1.270492705	453.2209481	100
Cluster_0317	9.279839656	454.4602351	100
Cluster_0319	3.077142047	457.3979246	100
Cluster_0320	1.379968048	460.2796442	100
Cluster_0321	1.343403212	462.2698563	100
Cluster_0322	2.287468189	463.3280887	100
Cluster_0323	12.13954123	463.4102634	100
Cluster_0324	7.093565458	463.4127274	100
Cluster_0325	4.163761004	464.3117285	100
Cluster_0326	7.702907825	465.4285875	100
Cluster_0327	5.736281494	466.3276408	100
Cluster_0328	1.874373359	466.2907683	100
Cluster_0329	2.894022177	466.2909245	100
Cluster_0330	4.276993039	466.3272242	100
Cluster_0331	1.283121934	467.2480391	100
Cluster_0332	9.418855498	467.4440438	100
Cluster_0333	2.332859429	468.3075813	100
Cluster_0335	5.953606875	468.3428268	100
Cluster_0336	1.273922193	469.2211222	100
Cluster_0337	1.424808762	475.2786537	100
Cluster_0338	2.146759935	476.2749279	100
Cluster_0339	2.598444051	478.2910543	100
Cluster_0340	1.223104517	479.1261143	100
Cluster_0341	11.08271724	479.4804752	100
Cluster_0342	2.185767697	480.306664	100
Cluster_0343	3.324234497	480.3073018	100
Cluster_0344	3.588751549	480.30729	100
Cluster_0345	5.446020521	480.3432043	100
Cluster_0346	1.310576484	481.2598761	100
Cluster_0347	2.664377433	482.3237186	100
Cluster_0348	7.698870821	482.4549209	100
Cluster_0349	13.16528337	483.4751914	100
Cluster_0350	13.67639734	483.4387503	100
Cluster_0351	1.239534995	484.2723448	100
Cluster_0352	1.407143584	488.2986485	100
Cluster_0353	1.372608805	490.2903729	100
Cluster_0354	2.325174345	490.2885498	100
Cluster_0355	1.370713037	492.2737777	100
Cluster_0356	1.990627576	492.3047073	100
Cluster_0357	2.472533969	494.3238442	100
Cluster_0358	3.09431844	496.3398085	100
Cluster_0359	3.406114983	496.3396586	100
Cluster_0360	11.04661873	496.5069461	100
Cluster_0361	1.284156912	497.2597352	100
Cluster_0362	14.21468281	497.4549595	100
Cluster_0363	2.047174723	500.2757692	100
Cluster_0364	11.04346066	501.4620238	100
Cluster_0365	2.375919545	502.291177	100
Cluster_0367	3.599805352	502.2889677	100
Cluster_0368	2.643698224	504.303992	100
Cluster_0369	2.895810686	504.3056581	100
Cluster_0370	2.296789905	506.3217818	100
Cluster_0371	9.543461132	507.4749629	100
Cluster_0372	1.227106717	508.3026998	100
Cluster_0373	3.107667054	508.3396561	100
Cluster_0374	11.16402055	509.4907376	100
Cluster_0375	3.576856773	510.3571529	100
Cluster_0376	3.967791021	510.3548703	100
Cluster_0377	1.343966234	516.29941	100
Cluster_0378	1.874414989	516.306752	100
Cluster_0379	2.46661011	516.3040079	100
Cluster_0381	2.223690526	518.3231523	100
Cluster_0382	2.715927248	520.3395917	100
Cluster_0383	12.60721721	521.526814	100
Cluster_0384	13.71835659	521.4541619	100
Cluster_0387	3.25864187	522.3559343	100
Cluster_0388	3.56359366	522.3565177	100
Cluster_0389	5.032705634	524.3709118	100
Cluster_0390	9.546763184	524.5014829	100
Cluster_0391	15.30290637	525.4855465	100
Cluster_0393	3.11341418	530.3192534	100
Cluster_0394	14.36418005	530.4755098	100
Cluster_0396	3.942850834	532.3352437	100
Cluster_0397	14.47263889	535.467768	100
Cluster_0398	14.65302482	535.4675354	100
Cluster_0401	4.233315747	536.3690366	100
Cluster_0402	4.601156391	536.3697531	100
Cluster_0403	12.60863558	538.5534767	100
Cluster_0404	2.212622748	540.3036202	100
Cluster_0406	8.154307886	540.4333106	100
Cluster_0408	2.092180982	542.3250312	100
Cluster_0410	15.30281573	542.5119585	100
Cluster_0411	3.553719881	544.3384851	100
Cluster_0412	1.730477093	544.2645913	100
Cluster_0413	2.423946355	544.3391507	100
Cluster_0414	14.75095899	544.4910693	100
Cluster_0415	3.035460079	546.3556617	100
Cluster_0417	13.85975771	547.4695694	100
Cluster_0418	3.569667674	548.3710102	100
Cluster_0419	3.919123352	548.3698083	100
Cluster_0421	14.82037258	549.4851919	100
Cluster_0422	19.91219151	549.4851555	100
Cluster_0423	5.181741249	550.384925	100
Cluster_0428	13.71309577	556.4912385	100
Cluster_0429	4.592501003	558.3507329	100
Cluster_0430	15.45726555	558.506906	100
Cluster_0431	3.553816937	560.3087187	100
Cluster_0432	13.72738659	561.4463747	100
Cluster_0433	14.56690712	561.4853202	100
Cluster_0434	19.74954452	561.4850622	100
Cluster_0435	15.14312252	563.5007659	100
Cluster_0436	15.48679218	563.485837	100
Cluster_0438	2.088494821	564.3041758	100
Cluster_0439	13.8595624	565.4797505	100
Cluster_0440	2.442778862	566.3194333	100
Cluster_0441	11.20952117	566.548135	100
Cluster_0442	14.80737205	567.4954904	100
Cluster_0443	3.04600141	568.335027	100
Cluster_0444	13.48994229	568.4907058	100
Cluster_0445	14.12034943	570.5065532	100
Cluster_0446	14.47742975	570.5066326	100
Cluster_0448	15.80485466	572.5232689	100
Cluster_0449	13.49998091	573.4462162	100
Cluster_0450	14.86843251	575.5009706	100
Cluster_0451	15.25857037	575.5008339	100
Cluster_0453	19.84807014	575.5006132	100
Cluster_0454	20.07362358	575.5005373	100
Cluster_0455	14.12848099	575.4620283	100
Cluster_0456	14.47633438	575.4617993	100
Cluster_0457	15.80214536	577.5014635	100
Cluster_0459	12.89808204	580.4908107	100
Cluster_0460	13.10591743	580.4907981	100
Cluster_0461	15.13587348	581.5110302	100
Cluster_0462	13.87965606	582.5071378	100
Cluster_0463	14.23841811	582.5060248	100
Cluster_0464	14.80819524	584.5226975	100
Cluster_0465	13.0627326	585.4459614	100
Cluster_0466	11.48103141	586.5380382	100
Cluster_0468	13.87367788	587.4622338	100
Cluster_0469	14.74845538	587.5019734	100
Cluster_0471	2.890627186	589.4892066	100
Cluster_0472	14.80767521	589.4778804	100
Cluster_0473	15.51131868	589.5164931	100
Cluster_0474	20.20729772	589.5160595	100
Cluster_0475	11.47759765	591.4936191	100
Cluster_0478	14.85668937	593.5110084	100
Cluster_0479	13.49402427	594.5062909	100
Cluster_0480	13.68122917	594.5064012	100
Cluster_0481	15.78478693	595.5266372	100
Cluster_0482	14.31678444	596.5226962	100
Cluster_0483	14.55508063	596.5228288	100
Cluster_0484	15.1400074	598.5386165	100
Cluster_0485	15.50409477	598.5383892	100
Cluster_0486	13.50329172	599.4618514	100
Cluster_0487	13.68906834	599.4616687	100
Cluster_0489	16.73408684	600.5532544	100
Cluster_0490	14.33141676	601.4775056	100
Cluster_0491	14.5697695	601.4777482	100
Cluster_0492	15.02074317	601.516549	100
Cluster_0494	13.87421498	603.4355535	100
Cluster_0495	15.15309432	603.4935923	100
Cluster_0496	15.49927562	603.4932906	100
Cluster_0497	15.76751813	603.5319195	100
Cluster_0498	12.83584299	604.4912811	100
Cluster_0500	14.78272828	605.4723071	100
Cluster_0501	13.16240803	606.506753	100
Cluster_0502	13.35980104	606.5066754	100
Cluster_0503	13.66277429	606.5067601	100
Cluster_0505	15.50482499	607.5266609	100
Cluster_0506	16.58061913	607.5631042	100
Cluster_0507	16.80344108	607.5635141	100
Cluster_0508	12.64086961	608.5910837	100
Cluster_0509	14.06009784	608.5230538	100
Cluster_0512	12.83246055	609.4467121	100
Cluster_0513	17.42466197	609.5775528	100
Cluster_0515	14.13430613	610.1812715	100
Cluster_0516	14.87899267	610.5390272	100
Cluster_0517	15.24655083	610.5390191	100
Cluster_0518	13.30916711	611.4618036	100
Cluster_0520	15.78445744	612.5540791	100
Cluster_0522	12.97728831	613.5201866	100
Cluster_0523	14.04884067	613.4775152	100
Cluster_0524	1.732675247	614.3276063	100
Cluster_0525	12.78846902	614.5680269	100
Cluster_0526	14.8873725	615.4937282	100
Cluster_0527	15.25181236	615.4934858	100
Cluster_0528	12.56648172	616.490672	100
Cluster_0529	14.56663929	617.4533179	100
Cluster_0530	15.79760366	617.5092503	100
Cluster_0531	13.2782135	618.5075613	100
Cluster_0532	15.07097212	619.5046155	100
Cluster_0533	13.78119156	620.521984	100
Cluster_0534	14.0212143	620.5219482	100
Cluster_0535	15.75914543	621.542458	100
Cluster_0536	17.1894909	621.5786016	100
Cluster_0537	14.71663147	622.538861	100
Cluster_0538	15.11110521	622.6457806	100
Cluster_0539	13.27489624	623.4624759	100
Cluster_0540	14.04897418	623.5006252	100
Cluster_0542	15.47423194	624.554543	100
Cluster_0543	15.90431622	624.590231	100
Cluster_0544	16.58459893	624.5915902	100
Cluster_0545	16.80595972	624.5902893	100
Cluster_0546	12.82786927	625.4196668	100
Cluster_0547	13.78605114	625.4772635	100
Cluster_0548	14.00226836	625.4772685	100
Cluster_0549	16.0652737	626.5697904	100
Cluster_0551	14.70615105	627.4935263	100
Cluster_0553	11.97210416	628.4909009	100
Cluster_0554	13.99179018	629.4510926	100
Cluster_0555	15.46173169	629.5090655	100
Cluster_0556	15.98729271	629.5500335	100
Cluster_0557	16.57983707	629.5462028	100
Cluster_0558	16.80814898	629.5458815	100
Cluster_0560	12.93571267	630.5081338	100
Cluster_0561	13.15663249	630.5553057	100
Cluster_0562	16.33817771	630.5763887	100
Cluster_0563	14.88640335	631.4668253	100
Cluster_0564	15.27187236	631.4784469	100
Cluster_0565	16.06824305	631.5253334	100
Cluster_0566	17.42189456	631.5604452	100
Cluster_0567	13.46508899	632.5235703	100
Cluster_0568	13.73740518	632.5269485	100
Cluster_0569	14.03288929	632.5239875	100
Cluster_0570	15.80462302	633.4829076	100
Cluster_0571	14.30737192	634.538681	100
Cluster_0572	14.77595082	634.5437954	100
Cluster_0573	12.95052604	635.4648841	100
Cluster_0574	15.03303427	636.5554142	100
Cluster_0575	4.417326133	637.3028149	100
Cluster_0576	13.47570846	637.477962	100
Cluster_0577	13.76769807	637.4803751	100
Cluster_0578	14.02516295	637.4782732	100
Cluster_0580	15.77361319	638.5712845	100
Cluster_0581	16.1742362	638.5754646	100
Cluster_0583	13.24443178	639.4510731	100
Cluster_0584	14.22699316	639.4935227	100
Cluster_0585	14.45713852	639.4934405	100
Cluster_0586	16.63700691	640.5847243	100
Cluster_0587	14.07318519	641.5321332	100
Cluster_0588	15.03555666	641.5097751	100
Cluster_0589	16.50438908	642.5634715	100
Cluster_0591	15.79221415	643.5253022	100
Cluster_0592	16.16486429	643.5225187	100
Cluster_0594	14.71194052	643.4668632	100
Cluster_0595	13.49409987	644.5199647	100
Cluster_0596	13.74106859	644.5230873	100
Cluster_0597	15.31975214	645.4885374	100
Cluster_0598	15.51799575	645.4823593	100
Cluster_0599	16.68497809	645.5322357	100
Cluster_0600	14.40469377	646.5388477	100
Cluster_0601	15.94362291	646.5733392	100
Cluster_0602	16.94226257	647.4563374	100
Cluster_0603	14.96832261	648.5538202	100
Cluster_0605	13.48848353	649.4772364	100
Cluster_0606	13.74972811	649.4778188	100
Cluster_0607	15.64038981	650.5691396	100
Cluster_0608	16.69703329	650.6035364	100
Cluster_0609	12.94464825	651.435531	100
Cluster_0610	16.00536096	651.5297321	100
Cluster_0611	14.41485158	651.4936369	100
Cluster_0612	11.49109102	652.4907141	100
Cluster_0613	15.53473548	652.559528	100
Cluster_0614	16.15204387	652.5798879	100
Cluster_0615	16.385483	652.5852825	100
Cluster_0616	16.74028297	652.6168602	100
Cluster_0617	13.48232563	653.4511791	100
Cluster_0619	14.01942741	653.4515948	100
Cluster_0620	14.96841309	653.5084599	100
Cluster_0621	4.418268537	654.3303555	100
Cluster_0622	12.351976	654.5066008	100
Cluster_0623	16.28094328	654.5671256	100
Cluster_0624	15.6334742	655.5245146	100
Cluster_0625	13.16240159	656.5241162	100
Cluster_0626	16.95353507	656.5767422	100
Cluster_0627	11.47740026	657.4458974	100
Cluster_0628	15.03691462	657.4825462	100
Cluster_0629	16.34662818	657.5400821	100
Cluster_0630	13.68557359	658.5393575	100
Cluster_0631	14.05253174	658.5424123	100
Cluster_0633	12.33539211	659.4617902	100
Cluster_0634	15.80471126	659.4967939	100
Cluster_0635	16.26167414	660.5472582	100
Cluster_0636	14.51057235	660.5554591	100
Cluster_0637	14.78893585	660.5555934	100
Cluster_0638	15.08937012	660.555678	100
Cluster_0639	11.99164375	661.483236	100
Cluster_0640	13.16622809	661.4785568	100
Cluster_0641	1.594205159	662.3269143	100
Cluster_0642	15.19249258	662.5685968	100
Cluster_0643	15.49752127	662.5769574	100
Cluster_0644	15.75180242	662.5755011	100
Cluster_0645	13.69101208	663.4934471	100
Cluster_0646	14.04740203	663.4909996	100
Cluster_0647	14.3073184	663.4542633	100
Cluster_0648	15.87293133	664.5853824	100
Cluster_0649	16.13855421	664.6027791	100
Cluster_0651	13.75028454	665.4510653	100
Cluster_0652	14.50799843	665.5058704	100
Cluster_0653	14.78284499	665.5119519	100
Cluster_0654	15.0938064	665.5123024	100
Cluster_0655	16.63975361	666.6004806	100
Cluster_0657	15.20563857	667.5240543	100
Cluster_0658	15.4970756	667.5296138	100
Cluster_0659	14.41847554	668.4702107	100
Cluster_0660	16.64773947	668.579738	100
Cluster_0661	15.08399917	669.5407524	100
Cluster_0662	15.87730717	669.5400108	100
Cluster_0663	16.14227044	669.5393239	100
Cluster_0664	17.19475652	670.5941119	100
Cluster_0665	13.74345338	671.5335882	100
Cluster_0666	15.64527163	671.498191	100
Cluster_0667	16.63886552	671.5547116	100
Cluster_0668	14.35339155	672.5738549	100
Cluster_0669	14.80390874	672.5543558	100
Cluster_0670	16.38693711	673.5146173	100
Cluster_0671	16.63747772	673.5345835	100
Cluster_0672	15.23272471	674.5701388	100
Cluster_0673	15.46843221	674.569766	100
Cluster_0674	12.33043691	675.4356243	100
Cluster_0675	9.000844666	675.6748429	100
Cluster_0676	13.16721352	677.4516813	100
Cluster_0677	14.35785346	677.5275127	100
Cluster_0678	14.57867107	677.5086461	100
Cluster_0679	14.80473448	677.5088152	100
Cluster_0680	18.78678175	677.6413571	100
Cluster_0681	10.94828905	678.5037691	100
Cluster_0682	11.99547023	678.5102078	100
Cluster_0683	16.49159791	678.6000503	100
Cluster_0684	18.42871998	678.6727434	100
Cluster_0685	15.41444195	679.5058412	100
Cluster_0686	12.58959814	680.523929	100
Cluster_0687	12.86117761	680.5243958	100
Cluster_0688	14.30177515	680.4799972	100
Cluster_0689	16.3682999	680.5801644	100
Cluster_0690	16.71571734	680.5792337	100
Cluster_0692	18.64260095	680.6519683	100
Cluster_0693	4.42595691	681.3399382	100
Cluster_0695	15.09656354	681.4850916	100
Cluster_0696	15.89844299	681.5395335	100
Cluster_0697	13.14083448	682.5441584	100
Cluster_0698	13.42908695	682.5395963	100
Cluster_0699	13.66770466	682.5447217	100
Cluster_0700	17.01767482	682.5955343	100
Cluster_0701	12.0069304	683.4633634	100
Cluster_0702	13.15682684	683.5336301	100
Cluster_0703	15.20584489	683.4964941	100
Cluster_0704	16.49292151	683.5460262	100
Cluster_0705	14.99174322	684.1997968	100
Cluster_0706	14.20713175	684.5542899	100
Cluster_0707	17.72000211	684.6109274	100
Cluster_0708	12.59731362	685.4783462	100
Cluster_0709	12.86397388	685.4787557	100
Cluster_0710	15.87522897	685.5110533	100
Cluster_0711	16.33156509	685.5320392	100
Cluster_0712	16.93784213	685.4131688	100
Cluster_0713	14.99096983	686.1986221	100
Cluster_0714	19.14615381	686.5842239	100
Cluster_0715	14.678432	686.5709444	100
Cluster_0716	13.12909354	687.5007289	100
Cluster_0717	13.43554784	687.4944496	100
Cluster_0718	13.67664482	687.4981484	100
Cluster_0719	17.00090299	687.5497794	100
Cluster_0720	15.06860151	687.5720075	100
Cluster_0721	11.65922912	688.4877882	100
Cluster_0722	19.57899789	688.5994654	100
Cluster_0723	11.45952419	689.5560112	100
Cluster_0724	13.92938303	689.5087233	100
Cluster_0725	14.20218824	689.5091195	100
Cluster_0726	15.25741828	689.5804309	100
Cluster_0727	12.73473243	690.5034526	100
Cluster_0728	20.0227434	690.6147106	100
Cluster_0729	14.67466676	691.5248823	100
Cluster_0730	14.98309093	691.5312394	100
Cluster_0731	11.47641073	692.5194195	100
Cluster_0732	15.98264507	692.5819663	100
Cluster_0733	16.23648534	692.579621	100
Cluster_0734	18.26348039	692.6521135	100
Cluster_0735	14.77292061	693.4905227	100
Cluster_0736	15.37917583	693.5396503	100
Cluster_0737	16.6713683	694.5953814	100
Cluster_0738	16.95830845	694.5951507	100
Cluster_0739	18.78829374	694.6683051	100
Cluster_0740	15.43570619	695.4989782	100
Cluster_0741	17.3609405	696.6115424	100
Cluster_0742	9.006205776	697.6553555	100
Cluster_0744	12.00950878	699.4358116	100
Cluster_0745	14.8049677	699.5637288	100
Cluster_0747	16.65823396	699.5485326	100
Cluster_0748	16.95618603	699.5613697	100
Cluster_0749	15.31021047	700.6055866	100
Cluster_0750	12.59875137	701.4514118	100
Cluster_0751	12.86366841	701.4516865	100
Cluster_0752	14.30817588	701.4063326	100
Cluster_0753	16.35495722	701.5088358	100
Cluster_0754	17.35159387	701.5658673	100
Cluster_0755	9.979539169	702.5036329	100
Cluster_0756	12.16691293	702.5023039	100
Cluster_0757	12.39748946	702.503451	100
Cluster_0758	11.9607596	703.5718067	100
Cluster_0759	13.44476316	703.4672762	100
Cluster_0760	16.99509103	703.5246925	100
Cluster_0761	11.13136112	704.5203517	100
Cluster_0762	13.13707516	704.5183406	100
Cluster_0763	14.6523341	704.5557232	100
Cluster_0764	15.84063098	704.5794603	100
Cluster_0765	13.93186121	705.4816477	100
Cluster_0766	14.19835065	705.4822142	100
Cluster_0767	11.96317303	706.5305927	100
Cluster_0768	12.36258573	706.5362735	100
Cluster_0769	16.50494029	706.594914	100
Cluster_0770	12.59169855	707.5324973	100
Cluster_0771	12.86245717	707.5332752	100
Cluster_0772	14.30654412	707.4882825	100
Cluster_0773	14.66915107	707.4963135	100
Cluster_0774	14.9336464	707.4999779	100
Cluster_0775	17.14989547	708.6112728	100
Cluster_0776	13.4298905	709.5485532	100
Cluster_0777	17.68945809	710.6271748	100
Cluster_0778	13.93019503	711.5635954	100
Cluster_0779	14.1992146	711.5640672	100
Cluster_0780	16.50624131	711.5498187	100
Cluster_0781	18.35855501	712.641734	100
Cluster_0782	14.67250361	713.5794287	100
Cluster_0783	17.14639914	713.5662266	100
Cluster_0784	11.82970121	714.5035721	100
Cluster_0785	12.06143184	714.5035049	100
Cluster_0786	15.09310241	714.5655125	100
Cluster_0787	17.47947152	714.6349906	100
Cluster_0788	16.67857098	715.5241406	100
Cluster_0789	17.01157879	715.5430849	100
Cluster_0790	17.69619313	715.5824026	100
Cluster_0791	10.52433196	716.5196553	100
Cluster_0792	10.78987333	716.5196212	100
Cluster_0793	12.77907124	716.5195006	100
Cluster_0794	12.97985499	716.5191103	100
Cluster_0795	13.21892141	716.5192126	100
Cluster_0796	14.32793128	716.5553929	100
Cluster_0797	15.14601672	716.5563405	100
Cluster_0798	17.97542976	716.6514199	100
Cluster_0799	17.3329549	717.5398237	100
Cluster_0800	13.88474535	718.5350286	100
Cluster_0801	15.26144021	718.5704138	100
Cluster_0802	16.19333928	718.5943819	100
Cluster_0803	11.62443135	718.5359757	100
Cluster_0804	11.99911214	718.5352787	100
Cluster_0806	17.48199693	719.591624	100
Cluster_0807	12.80146559	720.5495814	100
Cluster_0808	16.84203466	720.610771	100
Cluster_0809	18.83602091	720.6833823	100
Cluster_0810	17.49167627	722.6268467	100
Cluster_0811	11.05342031	723.5716189	100
Cluster_0812	8.587358701	724.4882595	100
Cluster_0813	17.99728085	724.6429642	100
Cluster_0814	16.83583137	725.5657073	100
Cluster_0815	9.313491285	726.5042836	100
Cluster_0816	9.594774989	726.5040771	100
Cluster_0817	11.10790442	726.5000799	100
Cluster_0818	13.60254275	726.5399444	100
Cluster_0819	13.90178509	726.5400614	100
Cluster_0820	14.07015831	726.5401649	100
Cluster_0823	17.48315999	727.5816573	100
Cluster_0824	10.31678583	728.5198225	100
Cluster_0825	10.59679835	728.5198762	100
Cluster_0826	12.66158886	728.5182947	100
Cluster_0827	13.77433219	728.5552828	100
Cluster_0828	14.42234152	728.5555386	100
Cluster_0829	14.66655274	728.5564028	100
Cluster_0830	15.61117744	728.5856104	100
Cluster_0831	17.14308223	729.5410966	100
Cluster_0832	17.98817183	729.5970206	100
Cluster_0833	13.46952922	730.533166	100
Cluster_0834	14.58084323	730.5715744	100
Cluster_0835	14.83148679	730.5733168	100
Cluster_0836	15.39983159	730.572825	100
Cluster_0838	11.36066765	730.5368903	100
Cluster_0839	12.44494095	732.5536687	100
Cluster_0840	14.21997366	732.5491714	100
Cluster_0841	15.53381287	732.5867129	100
Cluster_0842	16.61809564	732.6112514	100
Cluster_0843	13.24910206	734.5661628	100
Cluster_0845	17.21639307	734.6265297	100
Cluster_0846	10.55659684	736.4881976	100
Cluster_0847	17.80198823	736.6428223	100
Cluster_0848	9.284704962	738.5042336	100
Cluster_0849	11.52070692	738.5036821	100
Cluster_0850	11.90828632	738.5047085	100
Cluster_0851	18.15022114	738.6580668	100
Cluster_0852	18.3637397	738.6586002	100
Cluster_0853	17.1969178	739.5818237	100
Cluster_0854	10.17712933	740.5204051	100
Cluster_0855	12.12655253	740.5201305	100
Cluster_0856	12.39538286	740.5208977	100
Cluster_0858	15.21605806	740.5775711	100
Cluster_0859	18.74294598	740.673023	100
Cluster_0860	18.95911592	740.6728948	100
Cluster_0861	17.77347077	741.598909	100
Cluster_0862	11.06304915	742.5361257	100
Cluster_0863	13.03494836	742.5365691	100
Cluster_0865	14.54554086	742.5721262	100
Cluster_0866	15.12564536	742.5717987	100
Cluster_0867	15.94566853	742.5960048	100
Cluster_0868	17.38631778	743.5554832	100
Cluster_0869	17.61835562	743.5655188	100
Cluster_0870	18.15182844	743.6124156	100
Cluster_0871	18.34069785	743.6128993	100
Cluster_0872	11.94457887	744.5524192	100
Cluster_0873	13.87393056	744.5521218	100
Cluster_0874	14.12227834	744.5511049	100
Cluster_0875	15.27647107	744.5883146	100
Cluster_0877	16.65638148	744.5914597	100
Cluster_0878	12.87926207	746.5691884	100
Cluster_0879	13.28101696	746.5723841	100
Cluster_0880	14.46467983	746.6098165	100
Cluster_0881	16.9627027	746.6253141	100
Cluster_0882	12.55651599	748.5240695	100
Cluster_0883	13.99256642	748.5791267	100
Cluster_0884	17.9420795	748.6424022	100
Cluster_0885	16.65703087	749.5465304	100
Cluster_0886	8.986494598	750.5043027	100
Cluster_0887	11.56245069	750.5039068	100
Cluster_0888	13.71678485	750.5412234	100
Cluster_0889	14.66240716	750.5376104	100
Cluster_0890	17.98550406	750.6581975	100
Cluster_0891	18.24048152	750.6586793	100
Cluster_0893	13.91235102	752.5583149	100
Cluster_0894	14.1727231	752.5621932	100
Cluster_0895	14.45129525	752.55686	100
Cluster_0896	10.17651252	752.5217065	100
Cluster_0898	12.38078764	752.5205249	100
Cluster_0899	18.59828054	752.6742368	100
Cluster_0900	17.42447731	753.5967931	100
Cluster_0901	17.64720697	753.5967108	100
Cluster_0902	10.53489451	754.5391869	100
Cluster_0903	10.77564598	754.5386731	100
Cluster_0904	11.14999564	754.5429041	100
Cluster_0906	13.19163981	754.534046	100
Cluster_0907	14.57267884	754.5717848	100
Cluster_0908	14.88365936	754.572968	100
Cluster_0909	15.64062029	754.5968285	100
Cluster_0911	19.13789102	754.6885191	100
Cluster_0912	17.17145168	755.555292	100
Cluster_0913	17.98586213	755.6125588	100
Cluster_0914	18.2274514	755.6131041	100
Cluster_0915	11.61172189	756.5533848	100
Cluster_0916	13.77254413	756.5521501	100
Cluster_0917	14.73625856	756.5772506	100
Cluster_0920	16.3504336	756.6130476	100
Cluster_0921	17.75644507	757.5717203	100
Cluster_0922	18.5753098	757.6283264	100
Cluster_0923	15.84130501	758.2190424	100
Cluster_0924	9.170504924	758.4725607	100
Cluster_0925	12.58200084	758.5713448	100
Cluster_0926	12.96352137	758.571877	100
Cluster_0927	14.61278263	758.5670853	100
Cluster_0929	16.77001388	758.6267344	100
Cluster_0930	17.03963591	758.6265445	100
Cluster_0932	10.03015914	760.4889264	100
Cluster_0933	11.90756123	760.4856877	100
Cluster_0934	17.34497287	760.641695	100
Cluster_0935	13.65743312	760.5856686	100
Cluster_0936	10.94536262	762.5043904	100
Cluster_0937	14.35433403	762.5884535	100
Cluster_0939	17.84423514	762.6583286	100
Cluster_0940	9.873687718	764.5200417	100
Cluster_0941	11.97493153	764.5209697	100
Cluster_0943	14.21139033	764.5579023	100
Cluster_0944	18.42967109	764.6745873	100
Cluster_0945	16.65899245	765.5229096	100
Cluster_0946	17.32332498	765.5971096	100
Cluster_0947	10.70860573	766.5384471	100
Cluster_0949	13.16264821	766.5367772	100
Cluster_0950	18.91379359	766.689591	100
Cluster_0951	17.85940462	767.6128614	100
Cluster_0952	18.1072476	767.6127913	100
Cluster_0954	19.30566842	768.7047193	100
Cluster_0955	19.5119662	768.704793	100
Cluster_0956	18.40184428	769.6283701	100
Cluster_0957	12.3820506	770.5698511	100
Cluster_0958	13.98732823	770.5853242	100
Cluster_0959	14.45259244	770.6047743	100
Cluster_0960	17.98563546	771.5864128	100
Cluster_0961	18.27294383	771.6029619	100
Cluster_0963	13.27935916	772.5854569	100
Cluster_0964	14.6862174	772.6210221	100
Cluster_0965	17.31397873	772.6416951	100
Cluster_0966	15.31467885	773.6510975	100
Cluster_0967	10.17701828	774.5018019	100
Cluster_0968	12.37183617	774.5021886	100
Cluster_0969	17.72560368	774.6583507	100
Cluster_0970	14.0508082	774.5998976	100
Cluster_0971	15.43702218	775.6461775	100
Cluster_0972	9.249064904	776.5200307	100
Cluster_0975	18.02613299	776.6731884	100
Cluster_0976	18.27997236	776.6739507	100
Cluster_0977	18.54714085	776.6735144	100
Cluster_0978	10.31842582	778.5384687	100
Cluster_0980	12.83173116	778.5364726	100
Cluster_0982	18.57320782	778.6894732	100
Cluster_0983	18.82806144	778.6903266	100
Cluster_0985	15.6591571	779.5937136	100
Cluster_0986	10.92445464	780.5543221	100
Cluster_0988	11.59321121	780.5558326	100
Cluster_0990	17.45936335	780.6265994	100
Cluster_0991	19.13958907	780.7057463	100
Cluster_0992	19.35272291	780.7078222	100
Cluster_0994	18.27994721	781.6284032	100
Cluster_0995	11.90463683	782.570323	100
Cluster_0997	19.45867508	782.7196603	100
Cluster_0998	19.66602281	782.7202272	100
Cluster_0999	18.57311716	783.6437046	100
Cluster_1000	18.80846974	783.6440918	100
Cluster_1001	12.77166362	784.5885617	100
Cluster_1002	14.385183	784.6247735	100
Cluster_1003	17.08220746	784.6416656	100
Cluster_1004	9.635408009	784.4893311	100
Cluster_1005	18.36700739	785.6019005	100
Cluster_1006	19.13740808	785.6595406	100
Cluster_1007	13.66722075	786.5942846	100
Cluster_1008	10.30562615	786.5042393	100
Cluster_1009	11.96718764	786.5031407	100
Cluster_1010	15.16698749	786.6410301	100
Cluster_1011	17.48882857	786.6574473	100
Cluster_1012	17.74612941	786.657363	100
Cluster_1014	13.7023912	787.6379755	100
Cluster_1015	10.7076281	788.5176075	100
Cluster_1016	11.25357502	788.519989	100
Cluster_1017	13.16497622	788.5166417	100
Cluster_1018	18.03431547	788.6729285	100
Cluster_1019	14.76712151	788.6124153	100
Cluster_1020	17.08643724	789.5975262	100
Cluster_1021	9.941664245	790.5364162	100
Cluster_1022	9.941664245	790.5364162	100
Cluster_1023	11.50413447	790.5428268	100
Cluster_1024	12.16776309	790.5379446	100
Cluster_1025	14.82811978	790.6362363	100
Cluster_1026	18.45294878	790.6897738	100
Cluster_1027	18.70830893	790.6900007	100
Cluster_1028	11.25704681	792.5540162	100
Cluster_1030	13.4518642	792.5883148	100
Cluster_1031	13.4518642	792.5883148	100
Cluster_1032	19.00700392	792.7064054	100
Cluster_1033	18.0205453	793.6284614	100
Cluster_1034	12.06633903	794.570448	100
Cluster_1035	13.6650976	794.6072241	100
Cluster_1036	14.21246522	794.6118002	100
Cluster_1037	19.2791932	794.7201379	100
Cluster_1038	19.49251675	794.7218618	100
Cluster_1039	17.7970207	795.6257352	100
Cluster_1040	18.46057546	795.6441665	100
Cluster_1041	18.70064362	795.6441494	100
Cluster_1042	12.64792008	796.5848912	100
Cluster_1043	12.90517309	796.5861404	100
Cluster_1045	14.44245613	796.6268273	100
Cluster_1046	19.81551827	796.7362486	100
Cluster_1047	20.00635426	796.7384131	100
Cluster_1048	18.96578794	797.6600601	100
Cluster_1049	13.53866607	798.600755	100
Cluster_1050	14.56259225	798.6397223	100
Cluster_1051	14.92088306	798.641374	100
Cluster_1052	17.33072612	798.6567831	100
Cluster_1053	17.58628123	798.6556264	100
Cluster_1054	19.49855386	799.6750629	100
Cluster_1055	8.769761347	800.5200759	100
Cluster_1056	10.30860699	800.5201329	100
Cluster_1058	17.92435745	800.6729569	100
Cluster_1059	14.41549917	800.6164335	100
Cluster_1060	15.62233588	801.5755907	100
Cluster_1061	9.715289102	802.537836	100
Cluster_1062	11.58482329	802.5332579	100
Cluster_1063	12.52758153	802.6019081	100
Cluster_1065	17.4585034	802.6077688	100
Cluster_1066	18.34463452	802.6890005	100
Cluster_1067	15.32560039	803.6499348	100
Cluster_1068	10.60996226	804.5570803	100
Cluster_1070	18.81523197	804.7061584	100
Cluster_1071	19.10387522	804.7064115	100
Cluster_1072	17.96630926	805.6286628	100
Cluster_1073	11.22649579	806.5732217	100
Cluster_1074	11.65424441	806.5741778	100
Cluster_1075	13.33481071	806.6087219	100
Cluster_1076	19.13977772	806.7180622	100
Cluster_1077	19.36504781	806.7186839	100
Cluster_1078	11.65124631	806.9661794	100
Cluster_1079	11.65011924	807.1031212	100
Cluster_1080	18.30648497	807.6441924	100
Cluster_1081	12.8960129	808.5900716	100
Cluster_1083	16.58071636	808.6219132	100
Cluster_1084	12.2046541	808.5856619	100
Cluster_1085	12.52795639	808.5857175	100
Cluster_1086	19.65705909	808.738136	100
Cluster_1087	18.79962552	809.659851	100
Cluster_1088	13.0331213	810.5894675	100
Cluster_1089	11.91022992	810.526653	100
Cluster_1090	19.94602409	810.750463	100
Cluster_1091	20.13841496	810.7517022	100
Cluster_1092	17.18460601	810.6570454	100
Cluster_1093	13.3795914	810.6153436	100
Cluster_1094	19.14342794	811.674875	100
Cluster_1095	19.353946	811.6754464	100
Cluster_1096	8.616502045	812.5199807	100
Cluster_1097	10.85017745	812.5405469	100
Cluster_1098	10.85017745	812.5405469	100
Cluster_1099	13.84713296	812.616299	100
Cluster_1101	17.76420234	812.6558785	100
Cluster_1102	17.79538224	812.6560234	100
Cluster_1103	19.65656094	813.691101	100
Cluster_1105	9.629253468	814.5348798	100
Cluster_1106	11.26331794	814.5364184	100
Cluster_1108	14.76067029	814.6315969	100
Cluster_1109	17.02950445	814.6660138	100
Cluster_1110	10.31042258	816.4914982	100
Cluster_1111	10.2873965	816.5436018	100
Cluster_1112	12.0951618	816.5550672	100
Cluster_1113	13.2891706	816.6155272	100
Cluster_1114	18.60269338	816.70512	100
Cluster_1115	15.83985315	817.6639851	100
Cluster_1116	17.79014191	817.6104499	100
Cluster_1117	11.27462362	818.5685402	100
Cluster_1118	12.65468604	818.5681598	100
Cluster_1119	12.92235692	818.5750926	100
Cluster_1121	17.45825493	818.5682998	100
Cluster_1122	18.99488299	818.7227166	100
Cluster_1123	19.24166807	818.7224694	100
Cluster_1124	17.03063275	819.6230521	100
Cluster_1125	18.17190714	819.6458105	100
Cluster_1126	11.83023794	820.5221437	100
Cluster_1127	12.53543393	820.5833153	100
Cluster_1128	19.48471204	820.7388395	100
Cluster_1129	19.72221616	820.7413362	100
Cluster_1130	18.59348329	821.6595898	100
Cluster_1131	12.75320022	822.538756	100
Cluster_1132	13.07475156	822.6006798	100
Cluster_1133	13.36872425	822.6006911	100
Cluster_1134	19.77825825	822.7518987	100
Cluster_1135	19.98547673	822.7537469	100
Cluster_1136	18.99889741	823.6754811	100
Cluster_1137	19.23603293	823.6753037	100
Cluster_1138	8.457429177	824.5199573	100
Cluster_1139	9.726286286	824.516598	100
Cluster_1140	13.85641559	824.6128933	100
Cluster_1141	17.45485281	824.6635667	100
Cluster_1143	20.27148593	824.767822	100
Cluster_1144	20.45388651	824.7722585	100
Cluster_1145	19.49193578	825.6920757	100
Cluster_1146	9.311595275	826.5424084	100
Cluster_1147	10.59977375	826.5338866	100
Cluster_1148	11.82451989	826.5740344	100
Cluster_1149	14.60602043	826.6301355	100
Cluster_1150	18.00585106	826.6880687	100
Cluster_1151	18.22108615	826.6882982	100
Cluster_1152	9.299260399	826.7833693	100
Cluster_1153	9.298774114	827.0778308	100
Cluster_1154	9.322185542	827.6129415	100
Cluster_1155	10.33448776	828.556347	100
Cluster_1156	11.66412853	828.5466129	100
Cluster_1157	12.76453908	828.6192317	100
Cluster_1158	9.990549821	828.5520413	100
Cluster_1159	12.76453908	828.6192317	100
Cluster_1160	15.43594584	828.6453471	100
Cluster_1161	17.80193113	828.6475927	100
Cluster_1162	18.51173092	828.704653	100
Cluster_1164	10.96246495	830.5718522	100
Cluster_1165	11.24052365	830.5727712	100
Cluster_1166	13.66339314	830.6346062	100
Cluster_1167	18.88279596	830.7210581	100
Cluster_1170	18.09518425	831.6442731	100
Cluster_1172	8.527263237	832.5097706	100
Cluster_1173	11.53598285	832.586991	100
Cluster_1174	11.87502621	832.5862746	100
Cluster_1175	19.32394037	832.7391607	100
Cluster_1176	19.60325091	832.7389268	100
Cluster_1177	17.7918652	833.58785	100
Cluster_1178	18.51424609	833.6597354	100
Cluster_1179	19.63404803	834.7536558	100
Cluster_1180	19.85708027	834.7548917	100
Cluster_1181	12.41834071	834.6015882	100
Cluster_1182	12.6890188	834.6032384	100
Cluster_1183	12.87264047	834.6015065	100
Cluster_1184	17.03243666	835.5973841	100
Cluster_1185	18.84142996	835.6752694	100
Cluster_1186	13.26681415	836.6163127	100
Cluster_1187	13.66603377	836.6302232	100
Cluster_1188	14.05757887	836.6220586	100
Cluster_1189	17.34150147	836.6760768	100
Cluster_1190	20.13438561	836.7697487	100
Cluster_1191	9.300450715	837.5263222	100
Cluster_1192	19.30851585	837.6914325	100
Cluster_1194	12.08217261	838.6011258	100
Cluster_1195	14.05352455	838.6287827	100
Cluster_1197	20.43213619	838.7824751	100
Cluster_1198	17.80896485	839.6718423	100
Cluster_1199	19.85790356	839.7077958	100
Cluster_1200	14.86207138	840.6439434	100
Cluster_1201	18.37879661	840.7054311	100
Cluster_1202	17.0283454	841.6757664	100
Cluster_1203	10.60045522	842.5060956	100
Cluster_1204	12.53530805	842.5634959	100
Cluster_1205	18.71071124	842.7200305	100
Cluster_1206	17.8627265	843.6445644	100
Cluster_1207	11.66292263	844.5224332	100
Cluster_1208	13.0597436	844.5794496	100
Cluster_1209	13.3608986	844.5796064	100
Cluster_1210	19.11245766	844.7378025	100
Cluster_1212	18.34389138	845.6596992	100
Cluster_1214	19.50383573	846.7512061	100
Cluster_1215	19.71748065	846.7518685	100
Cluster_1216	11.58508633	846.5216078	100
Cluster_1217	12.19593167	846.5375093	100
Cluster_1218	13.85988894	846.5950196	100
Cluster_1219	18.7046998	847.6796888	100
Cluster_1220	19.9686812	848.7720229	100
Cluster_1221	20.19250885	848.7809842	100
Cluster_1222	9.315121527	848.5490632	100
Cluster_1223	12.55761728	848.5354624	100
Cluster_1224	13.7391518	848.612533	100
Cluster_1225	10.60522203	848.6173175	100
Cluster_1226	12.52636877	848.5558761	100
Cluster_1227	19.11913146	849.6903406	100
Cluster_1228	9.993498431	850.5436454	100
Cluster_1229	10.30161117	850.5461672	100
Cluster_1230	11.66526926	850.6035727	100
Cluster_1231	14.57683673	850.6284502	100
Cluster_1232	17.71992159	850.6909844	100
Cluster_1233	20.23762712	850.7835003	100
Cluster_1234	20.43542938	850.7851108	100
Cluster_1235	19.51253868	851.7072799	100
Cluster_1236	19.71646533	851.7072238	100
Cluster_1237	10.96036056	852.5618731	100
Cluster_1238	11.24392103	852.5504922	100
Cluster_1239	12.20260756	852.6195925	100
Cluster_1240	12.53092359	852.6198593	100
Cluster_1241	12.89761427	852.6201445	100
Cluster_1242	18.24160349	852.7031472	100
Cluster_1243	20.71972117	852.8006636	100
Cluster_1244	19.97431851	853.7238833	100
Cluster_1245	10.41296395	854.5707966	100
Cluster_1246	11.5327807	854.5678473	100
Cluster_1247	11.86932803	854.5660417	100
Cluster_1248	13.03598444	854.6344253	100
Cluster_1249	18.58244247	854.7208288	100
Cluster_1250	18.81538926	854.7208977	100
Cluster_1251	10.69894066	856.5046102	100
Cluster_1252	11.33743385	856.5869079	100
Cluster_1255	12.87969072	856.5819603	100
Cluster_1256	18.99500265	856.736569	100
Cluster_1257	18.21348155	857.6599687	100
Cluster_1258	13.26334459	858.5950781	100
Cluster_1259	19.3796972	858.7542135	100
Cluster_1260	18.58457457	859.6753778	100
Cluster_1261	18.80602509	859.6757321	100
Cluster_1262	12.3978446	860.5358679	100
Cluster_1263	17.12508331	860.6751609	100
Cluster_1264	19.80122444	860.7663811	100
Cluster_1265	20.07039452	860.7677189	100
Cluster_1266	18.37216204	861.6340817	100
Cluster_1267	18.97313055	861.6916474	100
Cluster_1268	17.49955703	862.6999603	100
Cluster_1269	20.08678592	862.7840604	100
Cluster_1270	20.30551198	862.7866994	100
Cluster_1271	13.29412336	862.5507832	100
Cluster_1272	18.68898381	863.6396679	100
Cluster_1273	19.35854822	863.7067749	100
Cluster_1274	9.3022688	864.4914539	100
Cluster_1275	12.55324087	864.6190711	100
Cluster_1277	15.1018938	864.6444886	100
Cluster_1278	17.46826286	864.76118	100
Cluster_1279	17.95856024	864.7076782	100
Cluster_1280	20.55739789	864.7999011	100
Cluster_1281	19.79966145	865.7242018	100
Cluster_1282	10.30075101	866.5064908	100
Cluster_1284	18.4274057	866.7219342	100
Cluster_1285	18.67628994	866.7156168	100
Cluster_1286	19.52594557	867.6789995	100
Cluster_1287	10.31160131	868.5052003	100
Cluster_1289	18.92019005	868.7378038	100
Cluster_1290	17.97014931	869.6601072	100
Cluster_1291	11.56689135	870.5221971	100
Cluster_1292	9.302393063	870.5725362	100
Cluster_1293	19.2038538	870.7526621	100
Cluster_1295	18.42100877	871.6757392	100
Cluster_1296	9.992112493	872.5882238	100
Cluster_1297	10.30017712	872.5882274	100
Cluster_1298	11.82750972	872.5360858	100
Cluster_1299	20.85934834	872.8081404	100
Cluster_1300	19.53193001	872.7709146	100
Cluster_1301	19.75795166	872.7710503	100
Cluster_1302	18.70347662	873.6906961	100
Cluster_1303	18.96685998	873.6925598	100
Cluster_1304	10.95650532	874.6035229	100
Cluster_1305	12.75802656	874.5510996	100
Cluster_1306	19.94394896	874.7827725	100
Cluster_1307	20.17064674	874.7844178	100
Cluster_1309	18.59410307	875.6515376	100
Cluster_1310	19.18049197	875.707115	100
Cluster_1311	17.85343901	876.7079129	100
Cluster_1312	20.41125029	876.8008968	100
Cluster_1314	11.87083521	876.6193288	100
Cluster_1315	13.65025846	876.5670993	100
Cluster_1316	17.33694303	876.7605205	100
Cluster_1317	19.54039217	877.7230437	100
Cluster_1318	19.75687703	877.7228564	100
Cluster_1319	17.80127594	878.7763445	100
Cluster_1320	18.26766886	878.7210794	100
Cluster_1321	20.84870351	878.8161484	100
Cluster_1322	19.95984689	879.7395552	100
Cluster_1323	20.17506505	879.7396114	100
Cluster_1324	21.20275028	879.7718724	100
Cluster_1325	18.74884601	880.737375	100
Cluster_1326	19.79550978	881.694239	100
Cluster_1327	11.26031582	882.5198189	100
Cluster_1329	19.1168205	882.754384	100
Cluster_1330	19.35667196	882.755372	100
Cluster_1331	18.2489281	883.6755379	100
Cluster_1333	12.09829806	884.5354697	100
Cluster_1335	19.47288206	884.7690285	100
Cluster_1336	18.73530867	885.6912176	100
Cluster_1338	17.21814087	886.6888989	100
Cluster_1339	19.85488398	886.7858677	100
Cluster_1340	20.88279596	886.8264419	100
Cluster_1341	18.42917899	887.6475917	100
Cluster_1342	19.11969297	887.7073921	100
Cluster_1344	17.79126387	888.7073261	100
Cluster_1345	20.24375096	888.80253	100
Cluster_1346	20.49919768	888.8034561	100
Cluster_1348	18.71391991	889.6642212	100
Cluster_1349	19.47744147	889.7240209	100
Cluster_1351	17.48051533	890.7776788	100
Cluster_1352	18.04877015	890.7221004	100
Cluster_1353	20.50096427	890.8148163	100
Cluster_1354	19.86054205	891.7392433	100
Cluster_1355	18.4856603	892.7378926	100
Cluster_1356	20.95018467	892.8304876	100
Cluster_1357	17.81885418	893.6606911	100
Cluster_1358	10.60302514	894.5202405	100
Cluster_1359	18.94554526	894.7543224	100
Cluster_1360	19.20935318	894.7534887	100
Cluster_1361	18.06963687	895.6753823	100
Cluster_1362	20.17648405	895.7066025	100
Cluster_1363	11.67316807	896.5357303	100
Cluster_1364	19.20977623	896.7688815	100
Cluster_1365	19.48716976	896.7704736	100
Cluster_1366	20.42454314	897.7223424	100
Cluster_1368	18.48602751	897.6911093	100
Cluster_1369	12.20396376	898.5513929	100
Cluster_1370	12.5192714	898.5516399	100
Cluster_1371	19.649669	898.7851307	100
Cluster_1373	18.91947159	899.707074	100
Cluster_1374	19.21104589	899.7087407	100
Cluster_1375	13.03708454	900.5663586	100
Cluster_1376	17.66552487	900.7036788	100
Cluster_1377	19.98065796	900.8016703	100
Cluster_1378	20.1996108	900.802768	100
Cluster_1380	18.722476	901.6520034	100
Cluster_1382	18.72524574	901.6692383	100
Cluster_1383	19.20763621	901.7225268	100
Cluster_1384	19.53503029	901.7556931	100
Cluster_1386	17.6824639	902.7763352	100
Cluster_1387	18.03026456	902.721238	100
Cluster_1388	20.43320798	902.8167448	100
Cluster_1389	19.12083566	903.6836631	100
Cluster_1390	19.59670008	903.7383465	100
Cluster_1391	18.43100462	904.7368512	100
Cluster_1392	20.74521817	904.8279098	100
Cluster_1394	19.98421015	905.7555881	100
Cluster_1395	19.98421015	905.7555881	100
Cluster_1398	18.85873883	906.7534499	100
Cluster_1399	21.16248867	906.8459247	100
Cluster_1400	18.03183461	907.6757627	100
Cluster_1401	20.29659678	907.7745255	100
Cluster_1402	19.29187056	908.7697572	100
Cluster_1403	20.24719362	908.8112245	100
Cluster_1404	20.46058279	908.8044233	100
Cluster_1406	18.41958558	909.6908211	100
Cluster_1407	20.60952976	910.8221104	100
Cluster_1408	19.61533816	910.786441	100
Cluster_1410	18.06053188	911.6341813	100
Cluster_1411	18.06153498	911.6509438	100
Cluster_1412	18.84242258	911.706899	100
Cluster_1414	19.92776976	912.7998569	100
Cluster_1415	18.483833	913.6647146	100
Cluster_1416	19.28185422	913.7227198	100
Cluster_1417	17.82157595	914.7216312	100
Cluster_1418	20.27488776	914.8154291	100
Cluster_1419	18.93329659	915.6805714	100
Cluster_1420	19.62199846	915.7392088	100
Cluster_1421	9.309900678	916.5039186	100
Cluster_1422	18.15206425	916.7370423	100
Cluster_1423	18.42096152	916.7369584	100
Cluster_1424	20.65180653	916.831013	100
Cluster_1426	10.30219368	918.519831	100
Cluster_1427	18.08110054	918.775238	100
Cluster_1428	18.58678718	918.7531112	100
Cluster_1429	21.00913006	918.8447206	100
Cluster_1430	17.8296573	919.6752545	100
Cluster_1431	10.96014237	920.5353955	100
Cluster_1432	19.00405319	920.7693681	100
Cluster_1435	18.14156571	921.6907943	100
Cluster_1436	18.45423866	921.7103757	100
Cluster_1437	11.86139302	922.5511552	100
Cluster_1438	19.4314489	922.7853742	100
Cluster_1439	19.70937272	922.7933036	100
Cluster_1440	18.56981384	923.686452	100
Cluster_1442	20.59163779	923.7351802	100
Cluster_1444	19.70060859	924.8006229	100
Cluster_1445	19.95332616	924.8022714	100
Cluster_1446	20.81622975	925.7499557	100
Cluster_1447	19.00169006	925.721939	100
Cluster_1448	20.02569055	926.8155457	100
Cluster_1449	18.8426595	927.6822218	100
Cluster_1450	19.43888383	927.7390386	100
Cluster_1451	18.26920963	928.737363	100
Cluster_1452	20.42151417	928.8306557	100
Cluster_1453	18.03085071	929.7262543	100
Cluster_1454	19.2980219	929.6993944	100
Cluster_1455	19.6851983	929.7573033	100
Cluster_1456	18.6176667	930.7522984	100
Cluster_1457	20.80657284	930.8433013	100
Cluster_1458	18.95979255	932.7669138	100
Cluster_1459	21.20066035	932.8597542	100
Cluster_1460	18.26961412	933.6914985	100
Cluster_1461	9.210465889	934.6371371	100
Cluster_1462	19.35395053	934.7837246	100
Cluster_1464	17.83763808	935.6493798	100
Cluster_1465	18.61747798	935.7071275	100
Cluster_1466	19.76666814	936.8003799	100
Cluster_1467	20.6807752	937.7539787	100
Cluster_1468	18.13539178	937.665085	100
Cluster_1469	18.94484675	937.7221129	100
Cluster_1470	17.43301486	938.7203487	100
Cluster_1471	20.06848292	938.8167848	100
Cluster_1473	18.56383265	939.6802858	100
Cluster_1474	19.34254395	939.7380926	100
Cluster_1475	17.90436007	940.7365629	100
Cluster_1476	20.32607051	940.8288889	100
Cluster_1477	19.00850325	941.6942144	100
Cluster_1478	19.76935747	941.7536578	100
Cluster_1479	18.3886556	942.7533653	100
Cluster_1480	20.66920996	942.844032	100
Cluster_1481	17.42718413	943.6752729	100
Cluster_1482	18.72101912	944.7687172	100
Cluster_1483	21.03080191	944.8592029	100
Cluster_1484	17.90905791	945.6913528	100
Cluster_1485	19.06830971	946.7831948	100
Cluster_1486	21.38161974	946.8750985	100
Cluster_1487	18.36860572	947.7070124	100
Cluster_1488	19.46073174	948.7999917	100
Cluster_1489	18.70639063	949.7220418	100
Cluster_1490	19.82952577	950.8155602	100
Cluster_1491	19.07823012	951.7375741	100
Cluster_1492	19.47006348	953.7533623	100
Cluster_1493	20.44506754	954.8425481	100
Cluster_1495	18.26795737	955.7468051	100
Cluster_1496	18.82849539	956.767077	100
Cluster_1497	20.81418311	956.8579722	100
Cluster_1498	19.15587964	958.7828963	100
Cluster_1500	19.40472269	960.7963625	100
Cluster_1502	17.909376	961.6647835	100
Cluster_1504	19.81011245	962.8135135	100
Cluster_1505	18.39064966	963.6805749	100
Cluster_1506	17.61436911	964.7351973	100
Cluster_1507	20.15655968	964.8289677	100
Cluster_1508	17.98756748	966.750642	100
Cluster_1509	20.34899894	966.8402914	100
Cluster_1511	18.4292691	968.7667597	100
Cluster_1513	17.5369211	969.6905827	100
Cluster_1514	18.82957821	970.7824229	100
Cluster_1515	18.02043555	971.7059932	100
Cluster_1516	19.10401691	972.7952352	100
Cluster_1517	19.50517769	974.8125916	100
Cluster_1518	19.85855065	976.8281628	100
Cluster_1519	20.1417513	978.8425684	100
Cluster_1523	17.60332318	985.6646421	100
Cluster_1525	15.51780997	1236.032233	100
